25 352
25 336
32 337
37 328
44 328
46 311
34 300
45 294
54 301
58 285
47 275
49 263
53 270
58 261
54 242
63 236
63 216
53 215
60 199
70 180
70 187
84 164
94 162
102 150
105 159
119 145
124 130
131 148
142 151
144 163
156 162
155 150
167 175
175 184
192 195
201 192
198 200
200 207
209 212
226 207
240 207
249 218
256 212
259 198
267 184
274 166
276 155
281 141
290 128
298 119
305 121
309 110
316 91
319 103
326 93
341 85
335 93
331 79
354 60
348 69
359 53
365 40
361 28
376 29
370 22
238 214
347 57
267 154
274 182