26 318
27 328
36 325
32 337
38 342
36 351
44 365
48 338
52 357
65 351
71 358
64 367
79 346
89 331
81 320
88 308
92 315
93 293
95 270
87 281
99 281
100 253
92 241
100 234
110 235
112 246
111 259
120 261
128 252
129 258
137 267
146 255
150 257
164 257
169 247
175 256
158 265
187 250
179 241
185 229
186 207
191 209
189 188
177 186
177 193
172 172
181 171
189 171
199 174
201 182
185 175
210 181
228 180
233 187
243 188
251 179
263 178
268 191
267 207
262 226
268 221
270 211
274 200
268 235
278 241
249 247
254 257
260 270
249 278
247 287
257 288
260 303
273 310
286 306
298 300
300 309
314 312
317 302
332 293
328 306
322 277
332 274
341 282
341 259
340 243
341 231
354 232
336 214
320 213
329 203
336 195
345 184
346 171
336 166
336 177
330 152
344 143
352 131
334 116
343 126
351 111
337 95
331 101
343 107
335 83
319 74
320 82
302 77
300 86
282 78
285 71
286 84
270 77
267 88
268 101
278 112
285 129
274 128
271 115
265 120
249 121
242 110
254 117
251 110
243 115
227 110
226 100
237 99
215 93
208 99
197 94
199 87
186 84
183 90
182 103
168 101
170 90
156 98
159 112
149 119
143 102
147 88
148 75
159 71
141 63
145 53
130 44
131 51
117 43
107 48
96 43
96 58
89 55
77 48
75 54
67 63
72 77
75 89
66 93
76 103
82 96
81 112
69 117
74 126
78 132
67 141
57 142
52 152
64 156
40 158
38 150
32 145
38 128
25 125
21 134
13 125
3 127